9.99021 0
9.99101 0
9.99021 0.001
9.99171 0
9.99031 0
9.98881 0
9.99041 0
9.98821 0.001
9.99031 0
9.98901 0
9.98981 0.001
9.99241 0
9.98921 0
9.99031 0.001
9.98901 0.001
9.98901 0.001
9.98841 0.001
9.98871 0.001
9.99091 0.001
9.98871 0
9.98981 0.001
9.99071 0
9.99001 0
9.98841 0
9.98881 0.001
9.98851 0.001
9.98891 0.001
9.99041 0
9.99221 0
9.9937 0
9.9936 0
9.9934 0
9.99151 0.001
9.99151 0
9.98931 0.001
9.99131 0.001
9.99141 0
9.99191 0.001
9.99121 0
9.99161 0
9.99031 0
9.98722 0
9.969 0.001
9.9692 0.001
9.96492 0
9.96482 0.001
9.95907 0.001
9.96522 0
9.96532 0
9.9939 0
9.99001 0
9.99291 0.001
9.99241 0
9.99151 0.001
9.99241 0.001
9.98891 0.001
9.98961 0
9.99021 0.001
9.9936 0.001
9.99271 0
9.99211 0
9.99271 0.001
9.99031 0.001
9.99041 0.001
9.98971 0.002
9.99221 0.001
9.98183 0.001
9.99031 0.001
9.99281 0.002
9.99101 0.002
9.97437 0.001
9.9939 0
9.98622 0.001
9.99161 0.001
9.99191 0.001
9.99191 0
9.99281 0.001
9.99241 0.001
9.99181 0.001
9.9931 0.001
9.9938 0.001
9.9939 0
9.9936 0
9.993 0
9.9935 0.001
9.9937 0.001
9.99151 0.001
9.99171 0.002
9.99031 0.002
9.99141 0.002
9.99151 0.001
9.99111 0.002
9.99271 0.001
9.99031 0.001
9.98981 0.001
9.99261 0.001
9.99191 0.002
9.99151 0
9.99201 0.002
9.99191 0.001
9.98921 26.452
9.99181 0.001
9.99121 0
9.99141 0.001
9.9941 0.001
9.98991 0.001
9.99161 0.001
9.9941 0
2.24564 445.308
9.9938 4.441
9.9932 4.358
9.99231 4.653
9.99291 4.702
9.993 4.519
9.99291 5.147
9.993 4.632
9.99131 5.224
9.9936 5.213
9.9938 4.804
9.9938 4.729
9.99201 4.413
9.99201 5.832
9.98413 4.766
9.97098 5.92
9.9978 5.131
9.9934 5.292
9.99231 5.222
9.9934 4.93
9.98851 5.351
9.99141 5.41
9.99261 4.741
9.99261 5.117
9.99121 4.735
9.99171 5.278
9.99151 4.874
9.99011 5.103
9.99141 5.694
9.994 5.36
9.9937 4.347
9.99071 4.805
9.99091 4.809
9.99131 5.262
9.99081 4.246
9.96026 5.243
9.9943 4.539
9.99101 4.239
9.95946 5.153
9.99111 5.755
9.99251 4.753
9.97327 5.168
9.99111 5.214
9.99111 4.724
9.96939 5.428
9.99111 5.046
9.99141 5.185
9.99111 5.068
9.99081 4.933
9.99051 4.968
9.99241 5.329
9.9942 4.859
9.99221 4.964
9.99141 5.39
9.99131 4.543
9.99131 4.377
9.9941 4.45
9.9941 4.177
9.9937 4.182
9.9941 4.665
9.9942 4.187
9.9932 5.34
9.9936 4.459
9.9932 4.373
9.9931 4.532
9.993 4.515
9.9939 4.441
9.97098 4.15
9.97238 5.119
9.99221 5.177
9.99131 4.433
9.9939 4.673
9.9936 5.016
9.9934 4.64
9.99241 4.474
9.99291 4.527
9.993 4.494
9.9932 5.197
9.9931 4.385
9.9935 4.802
9.94777 5.367
9.99161 5.366
9.9933 4.992
9.9939 4.381
9.99031 4.416
9.99061 4.474
9.98871 4.617
9.97158 5.05
9.98901 4.382
9.9688 4.718
9.99011 5.09
9.99061 4.364
9.98762 25.22
9.98901 4.597
9.98911 4.53
9.97079 4.87
9.99001 4.408
9.96979 4.582
9.99021 4.546
9.98901 4.473
9.99171 4.406
9.98891 4.552
9.97178 4.769
9.98951 4.415
9.98991 4.622
9.99051 4.685
9.98881 4.485
9.9681 4.831
9.98921 4.465
9.97208 5.118
9.98921 4.399
9.98901 4.722
9.99061 4.533
9.99091 4.625
9.99151 4.757
9.99091 5.268
9.95421 5.335
9.97357 5.062
9.97128 4.827
9.99131 5.689
9.9956 4.371
9.97884 5.166
9.99111 5.021
9.99101 4.431
9.99101 5.082
9.9938 5.316
9.99141 4.737
9.99081 4.728
9.99101 5.387
9.99231 4.849
9.99161 4.688
9.99111 4.159
9.99161 5.062
9.99121 4.358
9.98971 4.552
9.97258 4.741
9.98891 4.466
9.98901 4.449
9.98871 4.853
9.97258 4.55
9.99201 4.502
9.97089 4.434
9.98881 4.591
9.99021 4.709
9.99011 4.402
9.98931 4.646
9.97039 4.515
9.99051 4.521
9.97506 4.71
9.98911 4.66
9.98951 4.865
9.98891 4.451
9.99181 4.771
9.98762 4.569
9.98881 4.634
9.95263 4.968
9.98931 4.465
9.99141 4.71
9.98981 4.248
9.98921 4.826
9.96125 4.564
9.98363 4.575
9.99011 4.59
9.97267 4.505
9.98951 4.552
9.98931 4.542
9.99031 4.601
9.98951 4.494
9.98881 4.765
9.98931 4.604
9.98991 4.936
9.99001 4.95
9.99111 4.663
9.99001 4.841
9.99011 4.705
9.98881 4.837
9.98891 4.959
9.98901 4.848
9.98861 5.164
9.99081 4.95
9.98901 5.409
9.99031 5.37
9.97019 4.841
9.98881 5.151
9.99021 5.02
9.9682 4.604
9.96463 5.155
9.93789 4.933
9.98901 4.694
9.97934 5.184
9.99191 4.928
9.99071 4.658
9.98901 27.713
9.98881 4.916
9.98931 5.139
9.99121 5.595
9.994 4.841
9.98911 4.476
9.9939 4.912
9.98941 4.72
9.99191 6.263
9.98981 4.884
9.97128 5.207
9.99001 5.508
9.97039 4.956
9.99021 5.627
9.98901 5.559
9.99021 5.229
9.98891 5.031
9.99051 4.704
9.98901 4.736
9.99121 5.336
9.99021 4.756
9.99021 5.156
9.98891 4.945
9.99031 5.529
9.99121 5.257
9.99011 5.297
9.98951 4.937
9.99201 5.597
9.99071 5.067
9.98911 5.006
9.99071 5.733
9.99131 5.52
9.98941 5.603
9.99011 5.341
9.98891 5.072
9.99001 5.272
9.97387 5.115
9.99071 5.067
9.98981 5.381
9.99151 5.235
9.9552 4.623
9.99141 4.44
9.9941 4.564
9.9937 4.174
9.9941 4.206
9.9937 4.7
9.93493 4.156
9.9938 4.471
9.98941 4.642
9.99021 4.798
9.99011 4.669
9.99011 4.632
9.98881 4.713
9.98871 4.972
9.994 5.057
9.99131 4.229
9.994 4.791
9.9932 4.146
9.9939 5.067
9.9941 4.341
9.99121 4.569
9.99111 4.86
9.99141 4.75
9.98931 5.164
9.99021 5.337
9.94431 5.025
9.97267 4.804
9.99061 4.55
9.98991 4.896
9.96999 5.378
9.99071 5.264
9.98742 4.596
9.98931 4.847
9.98133 4.907
9.98851 4.631
9.98951 4.633
9.98941 5.008
9.99221 5.075
9.98911 5.149
9.99081 5.573
9.99041 4.909
9.99041 5.79
9.98891 4.964
9.99061 5.349
9.99011 5.13
9.98911 5.17
9.99051 5.545
9.99241 5.09
9.99141 4.354
9.99221 5.641
9.98652 4.892
9.99031 4.843
9.99221 5.495
9.99021 4.889
9.99021 4.919
9.99201 5.504
9.99221 4.827
9.98951 4.951
9.99041 4.975
9.96761 5.4
9.98582 29.046
9.99061 4.993
9.99281 5.04
9.99231 5.024
9.99261 4.913
9.9935 4.706
9.98602 4.964
9.99131 5.302
9.98662 4.738
9.98712 4.808
9.98891 5.337
9.9691 5.347
9.99121 5.736
9.99121 4.12
9.98901 4.694
9.98891 5.179
9.97417 5.305
9.99101 4.846
9.99031 5.209
9.98901 5.068
9.99081 4.922
9.98891 5.294
9.99011 4.925
9.98931 5.265
9.98981 5.296
9.98781 5.288
9.99081 5.418
9.9931 5.43
9.9955 5.245
9.98901 4.908
9.98891 4.603
9.99071 5.145
9.99001 5.09
9.98891 4.652
9.99021 5.292
9.98901 5.112
9.98891 4.665
9.96046 5.106
9.97228 5.318
9.98861 5.789
9.98572 5.109
9.98961 5.032
9.96949 5.385
9.99011 5.716
9.99011 4.927
9.98881 4.943
9.98951 4.772
9.9936 5.24
9.98951 4.249
9.95996 5.353
9.98991 4.483
9.98961 5.195
9.99011 4.555
9.98991 5.148
9.99071 5.387
9.98881 5.361
9.98941 4.694
9.97884 4.75
9.97556 49.3
9.96999 47.685
9.95738 47.246
9.97656 47.45
9.97656 47.402
9.97735 47.33
9.96562 47.226
9.98074 44.435
9.98074 45.206
9.98263 44.278
9.97865 52.248
9.98502 46.034
9.97745 46.679
9.97705 45.206
9.97735 44.964
9.97715 45.121
9.97795 45.187
9.97715 46.473
9.98203 47.141
9.97805 47.1
9.98034 54.288
9.97735 47.733
9.97735 47.251
9.97954 19.157
9.99001 13.099
9.97039 13.146
9.98951 13.225
9.98702 14.445
9.98961 13.057
9.9932 12.805
9.98951 15.086
9.98951 12.817
9.99031 12.959
9.98432 12.904
9.98074 12.773
9.98931 12.966
9.99021 12.793
9.99061 12.811
9.98891 12.917
9.98911 12.989
9.98871 13.012
9.98891 13.006
9.98921 73.859
9.98881 12.857
9.98881 12.824
9.98891 12.875
9.98881 12.819
9.98861 12.954
9.98911 12.871
9.98921 12.906
9.97009 13.34
9.97725 12.43
9.98752 12.441
9.98871 12.426
9.98871 12.401
9.97019 12.429
9.96949 12.46
9.98791 12.43
9.99041 12.509
9.99031 12.43
9.98931 13.036
9.98871 12.47
9.98861 12.439
9.98881 12.415
9.98871 12.404
9.98881 12.426
9.98931 12.417
9.97526 13.469
9.99071 13.824
9.99151 12.839
9.98991 13.572
9.98891 12.855
9.99061 12.933
9.99021 12.944
9.99021 12.602
9.98941 12.57
9.98991 12.557
9.99061 12.553
9.99071 12.56
9.97049 12.574
9.98941 13.308
9.98971 12.862
9.98971 12.864
9.98921 12.849
9.98951 13.117
9.98951 12.85
9.99011 12.849
9.99051 12.866
9.98971 12.846
9.98911 12.871
9.98951 13.292
9.99051 12.878
9.97785 12.884
9.98811 12.857
9.98921 12.848
9.98871 12.84
9.98871 12.898
9.98891 12.889
9.98851 12.845
9.9931 12.832
9.95203 13.328
9.98981 12.849
9.98931 12.839
9.98901 12.877
9.98971 12.894
9.96155 12.874
9.99011 12.858
9.98991 12.854
9.99061 13.033
9.98991 12.839
9.98991 13.391
9.98911 12.893
9.98432 12.87
9.97178 13.035
9.98961 12.851
9.98881 12.858
9.98881 12.87
9.98901 12.857
9.98951 13.218
9.98961 12.841
9.98891 12.514
9.98871 12.611
9.98861 12.633
9.98891 12.613
9.98901 12.616
9.99011 12.698
9.99011 12.761
9.99031 12.776
9.98223 12.806
9.9935 12.976
9.98891 12.757
9.98891 12.425
9.98881 12.446
9.98881 12.424
9.98881 12.407
9.98871 13.718
9.98881 13.738
9.98881 12.416
9.98881 12.409
9.99001 12.416
9.98881 12.716
9.98891 12.58
9.98941 73.473
9.98891 12.617
9.98881 12.494
9.98881 12.513
9.98881 12.511
9.98891 12.498
9.98891 12.607
9.98971 12.694
9.98891 12.695
9.98931 12.436
9.98881 12.407
9.98881 12.425
9.98891 12.419
9.96214 12.424
9.98861 12.442
9.98921 12.426
9.98891 12.418
9.98901 12.607
9.98891 13.721
9.98752 12.595
9.98981 12.612
9.98881 13.075
9.97466 12.503
9.98871 12.619
9.96989 12.614
9.98871 12.621
9.98881 12.583
9.99031 12.493
9.98881 12.673
9.98931 12.538
9.98881 12.546
9.98821 12.547
9.98881 12.559
9.98891 12.538
9.98881 12.55
9.98931 12.54
9.98881 12.571
9.98881 12.575
9.98881 12.802
9.98871 12.552
9.98881 12.538
9.98861 12.544
9.98901 12.549
9.98871 12.56
9.98871 12.544
9.98881 12.547
9.98861 12.554
9.99021 12.536
9.98891 12.611
9.98861 12.5
9.98901 12.423
9.98901 12.414
9.98891 12.425
9.98981 12.411
9.99151 12.416
9.99141 15.899
9.99191 15.887
9.99131 15.931
9.99231 16.042
9.99161 16.102
9.98941 15.932
9.98881 12.444
9.98811 12.418
9.98891 12.397
9.98881 12.416
9.99021 12.425
9.98891 12.434
9.99061 12.409
9.99161 12.771
9.99171 15.929
9.99271 16.15
9.99201 16.03
9.99131 15.939
9.99151 15.911
9.99151 16.153
9.99191 15.983
9.99161 15.983
9.99151 15.882
9.99211 16.097
9.99211 15.972
9.98911 15.493
9.98891 12.421
9.98891 12.407
9.98891 12.554
9.98881 12.489
9.98871 12.489
9.98901 12.576
9.99001 12.49
9.98911 12.399
9.98891 12.566
9.98871 12.543
9.98881 12.556
9.98522 12.537
9.97805 12.547
9.98901 12.577
9.98891 12.498
9.97855 12.422
9.98891 12.441
9.98891 12.599
9.98881 12.575
9.98931 70.867
9.98871 12.42
9.98881 12.401
9.98881 12.402
9.97049 12.516
9.98891 12.416
9.98901 12.417
9.98871 12.875
9.98891 12.93
9.99201 12.899
9.99101 16
9.99201 16.2
9.99191 15.912
9.99191 15.847
9.99191 15.88
9.99101 15.935
9.99211 15.972
9.99181 16.096
9.99161 15.921
9.99171 16.004
9.99051 16.022
9.99161 16.026
9.99171 16.134
9.99171 15.995
9.99171 15.994
9.99131 15.954
9.99141 15.937
9.99231 16.237
9.99201 16.053
9.99101 15.96
9.99151 15.958
9.99171 15.91
9.99191 15.9
9.99101 15.909
9.99121 15.958
9.99211 15.992
9.99141 15.904
9.99191 15.965
9.99211 16.238
9.99191 15.924
9.99151 15.844
9.99111 15.916
9.99111 16.071
9.99201 16.026
9.99161 15.928
9.98153 15.935
9.98871 13.589
9.97695 12.428
9.99011 12.721
9.99211 12.415
9.99201 15.895
9.99171 15.951
9.99191 15.961
9.99181 16.009
9.99181 16.147
9.99191 15.983
9.99241 16
9.99011 16.058
9.98881 13.076
9.98881 12.58
9.98951 12.499
9.98971 12.49
9.99001 12.481
9.99021 13.237
9.99181 13.228
9.99191 13.126
9.97039 13.469
9.99221 12.436
9.98951 12.777
9.99211 13.67
9.99181 13.296
9.99161 13.437
9.99191 13.187
9.98931 13.48
9.97516 13.792
9.98971 13.685
9.98981 13.735
9.9933 13.698
9.98931 12.74
9.98881 12.801
9.98901 12.62
9.98891 12.605
9.98901 12.653
9.98941 12.613
9.98921 12.609
9.98881 12.645
9.98901 12.727
9.98931 12.415
9.98781 12.42
9.98881 12.409
9.98891 12.414
9.98891 12.448
9.98891 12.391
9.98891 12.405
9.98861 12.394
9.98871 12.412
9.98891 12.416
9.99201 12.421
9.98881 13.24
9.98891 12.418
9.98941 72.981
9.98921 12.423
9.98881 12.602
9.98891 12.538
9.98871 12.42
9.98881 12.417
9.98991 12.414
9.98941 12.431
9.98901 12.472
9.98871 12.408
9.98891 12.4
9.98881 12.41
9.98891 12.414
9.97009 12.412
9.98084 12.422
9.98891 12.428
9.98881 12.402
9.98941 12.399
9.98901 12.545
9.98901 12.399
9.98911 12.406
9.98891 12.63
9.98881 12.424
9.98891 12.435
9.98881 12.411
9.98991 12.412
9.98861 12.43
9.98981 12.492
9.98881 12.419
9.98861 12.419
9.98891 12.409
9.98901 12.414
9.98871 12.413
9.98881 12.417
9.98891 12.42
9.98881 12.411
9.98901 12.397
9.98951 12.394
9.98133 12.736
9.97009 12.422
9.98871 12.427
9.98871 12.405
9.96999 12.409
9.98881 12.402
9.98871 12.439
9.96939 12.411
9.98871 12.461
9.98542 12.541
9.98403 12.922
9.98891 12.629
9.98891 12.549
9.98891 12.544
9.98891 12.544
9.98891 12.535
9.98881 12.539
9.98881 12.529
9.98881 12.53
9.98881 12.532
9.98871 12.587
9.98871 12.556
9.98881 12.56
9.96056 12.498
9.97079 12.566
9.97059 12.5
9.98881 12.496
9.98921 12.621
9.98881 12.589
9.98901 12.647
9.98901 13.023
9.97267 12.937
9.98891 12.88
9.98881 12.899
9.98901 12.886
9.98861 12.873
9.98881 12.878
9.98881 12.901
9.98881 12.882
9.98871 12.97
9.98891 13.003
9.98841 12.89
9.98891 12.901
9.98881 12.887
9.98732 12.891
9.98881 12.884
9.98881 12.859
9.98881 12.859
9.98871 12.876
9.98881 12.923
9.98871 12.409
9.98821 12.408
9.98891 12.442
9.98871 12.42
9.98881 12.415
9.98881 12.412
9.97994 12.417
9.98891 12.417
9.99001 12.421
9.98941 12.431
9.98871 12.61
9.98891 12.408
9.98951 69.674
9.98891 12.432
9.98961 12.491
9.99101 12.48
9.95342 5.207
9.98941 4.793
9.99161 5.308
9.98931 4.524
9.98891 5.352
9.98861 5.516
9.9556 4.859
9.98881 5.182
9.98921 5.425
9.99111 5.242
9.99111 5.443
9.96175 5.314
9.99241 4.722
9.993 5.123
9.9938 4.392
9.99261 5.677
9.9935 5.108
9.9938 4.581
9.99121 4.256
9.99121 5.52
9.99091 5.387
9.99131 5.396
9.9932 5.397
9.99191 4.578
9.993 4.65
9.99081 5.314
9.9932 5.287
9.993 4.823
9.99231 5.603
9.993 4.436
9.99291 4.518
9.99291 5.495
9.9935 4.416
9.97397 4.601
9.99121 5.54
9.99261 5.077
9.99191 4.734
9.9684 5.205
9.99111 5.124
9.97228 4.658
9.98413 4.514
9.99261 5.193
9.98811 5.12
9.97427 5.641
9.99091 4.449
9.99091 5.06
9.99101 4.699
9.99091 5.041
9.99091 5.076
9.99091 5.296
9.99061 5.322
9.93078 5.214
9.99121 4.909
9.99141 5.25
9.9933 5.54
9.99271 4.376
9.9934 4.915
9.9931 4.459
9.9933 5.13
9.99271 4.564
9.9931 4.626
9.9933 4.919
9.9931 5.15
9.993 4.531
9.993 5.424
9.9933 5.392
9.9932 4.625
9.94619 4.558
9.96026 4.497
9.98901 5.551
9.98911 5.596
9.99141 5.275
9.99231 4.72
9.98971 4.758
9.98901 5.268
9.98921 5.133
9.98911 5.196
9.98911 5.194
9.98911 5.242
9.98911 5.235
9.98891 5.444
9.98911 4.753
9.99131 4.895
9.98971 4.886
9.98921 4.889
9.98901 5.671
9.98891 5.528
9.98891 5.265
9.96949 6.282
9.99011 4.84
9.99031 5.503
9.99021 4.977
9.98542 5.034
9.99221 4.968
9.98911 4.728
9.99121 5.326
9.98921 24.749
9.98722 5.285
9.98891 5.134
9.98921 5.166
9.98891 5.197
9.98901 5.337
9.98722 5.439
9.98921 4.8
9.9457 5.31
9.98901 5.041
9.97327 4.983
9.98981 5.078
9.99031 4.691
9.97148 5.262
9.98901 5.083
9.97954 4.688
9.99081 5.228
9.9677 5.109
9.98921 5.497
9.98961 4.442
9.98931 5.129
9.99161 5.252
9.98871 4.773
9.98881 5.206
9.98901 5.144
9.98891 4.756
9.99001 5.335
9.98961 5.353
9.98971 5.458
9.96433 4.927
9.98921 4.654
9.96125 5.234
9.98921 5.187
9.97009 5.231
9.97049 5.43
9.99031 5.582
9.98951 4.984
9.98911 5.213
9.97904 5.283
9.98891 5.197
9.98582 4.624
9.98911 5.181
9.98891 5.279
9.98911 4.542
9.99281 5.2
9.9931 5.248
9.98961 5.308
9.94639 4.359
9.99201 5.064
9.99091 5.395
9.99241 5.128
9.96175 4.861
9.99121 5.079
9.99121 5.004
9.99131 5.269
9.96066 5.231
9.99161 4.532
9.99151 5.222
9.99101 5.27
9.99121 5.201
9.99121 4.629
9.99091 5.593
9.99151 5.429
9.99221 5.267
9.99281 5.149
9.99271 4.476
9.99231 4.68
9.99221 4.977
9.99141 4.7
9.99101 4.518
9.99141 5.123
9.99071 4.735
9.99171 5.291
9.99031 4.643
9.99201 5.254
9.99111 4.684
9.99271 5.372
9.99151 4.95
9.99091 4.87
9.99111 4.978
9.99091 4.553
9.99101 5.229
9.99281 5.175
9.99131 5.337
9.99221 4.824
9.99131 5.309
9.99271 5.302
9.99121 4.411
9.99201 5.486
9.99111 4.701
9.99141 5.553
9.97307 5.078
9.9933 5.746
9.9692 4.336
9.99091 5.027
9.99091 5.004
9.9936 4.982
9.99111 5.347
9.99121 5.199
9.99091 4.696
9.99091 26.402
9.99111 5.197
9.99181 5.401
9.99181 4.923
9.99101 5.139
9.99101 4.949
9.993 4.914
9.99271 4.435
9.99291 5.299
9.9931 5.038
9.9932 4.462
9.99261 5.158
9.9931 4.86
9.993 4.548
9.99231 5.167
9.9931 4.478
9.9932 4.485
9.993 4.733
9.9942 4.51
9.99211 4.192
9.99271 4.638
9.9934 4.457
9.99181 4.468
9.9932 5.071
9.9932 4.518
9.99171 4.982
9.994 5.037
9.9933 4.443
9.99281 4.7
9.9931 4.9
9.9932 4.511
9.99281 5.662
9.99181 4.615
9.99261 4.594
9.9933 4.517
9.99161 4.606
9.99161 4.532
9.99021 4.528
9.99151 4.488
9.99121 4.759
9.99101 4.545
9.97845 4.3
9.97745 46.186
9.97924 46.098
9.97656 45.499
9.97765 47
9.98203 45.688
9.97944 56.659
9.97775 46.81
9.97258 45.89
9.98094 46.137
9.97894 46.093
9.97755 46.259
9.97845 50.515
9.97646 50.472
9.97665 50.446
9.98114 50.596
9.95292 57.904
9.97646 43.617
9.9549 43.515
9.97566 43.507
9.97725 43.498
9.97665 43.567
9.98094 44.059
9.99011 19.092
9.98931 12.433
9.98871 12.629
9.98931 12.421
9.98871 12.643
9.98891 12.417
9.98881 12.433
9.98881 12.402
9.98901 12.417
9.98881 12.411
9.98861 12.397
9.98881 12.411
9.98881 12.416
9.98881 12.531
9.98931 12.516
9.98891 12.454
9.97705 12.405
9.98881 12.421
9.98891 12.426
9.98881 12.43
9.98881 12.423
9.99051 12.431
9.98941 12.423
9.98881 12.443
9.98851 12.413
9.98871 12.421
9.98861 12.414
9.97297 12.409
9.97277 12.409
9.97606 12.416
9.97208 12.43
9.98911 12.432
9.98891 12.429
9.98871 12.442
9.98871 12.409
9.98881 12.405
9.98951 72.821
9.98871 12.556
9.98462 12.415
9.98871 12.395
9.98881 12.407
9.98881 12.422
9.98861 12.413
9.98921 12.612
9.98861 12.413
9.98871 12.416
9.98891 12.415
9.98871 12.416
9.97705 12.419
9.98871 12.42
9.96343 12.418
9.97536 12.445
9.98891 12.409
9.98881 12.432
9.98652 12.433
9.98871 12.407
9.98881 12.422
9.97287 12.411
9.98881 12.434
9.98891 12.402
9.98851 12.403
9.98891 12.429
9.98981 12.426
9.98871 12.424
9.98891 12.439
9.98891 12.425
9.98881 12.424
9.98851 12.431
9.98871 12.421
9.98871 12.42
9.98861 12.414
9.98871 12.421
9.98881 12.43
9.98941 12.417
9.98881 12.589
9.99071 12.407
9.98702 12.423
9.99001 12.419
9.98981 12.416
9.98981 12.412
9.98901 12.406
9.98891 12.416
9.99091 12.638
9.98981 13.006
9.99021 12.869
9.98891 12.881
9.98951 12.964
9.98871 12.857
9.98971 12.879
9.98991 12.863
9.98961 12.876
9.98941 12.979
9.99111 12.523
9.98871 13.774
9.98921 13.641
9.98861 13.391
9.98881 12.408
9.98861 12.438
9.98871 12.958
9.98851 12.94
9.98871 12.928
9.98981 12.715
9.98961 12.425
9.97596 12.597
9.98911 12.415
9.993 12.488
9.98951 12.428
9.98971 12.414
9.98881 12.41
9.98921 12.408
9.98931 12.433
9.98592 12.426
9.98323 12.531
9.98981 12.784
9.98951 12.602
9.98871 12.57
9.99011 12.501
9.98991 12.601
9.98991 12.582
9.98871 12.56
9.98871 12.619
9.98921 12.511
9.99041 12.596
9.98124 13.016
9.98742 12.582
9.98881 12.626
9.99161 12.507
9.99171 15.89
9.99181 15.963
9.99101 15.943
9.99151 16.04
9.99201 16.075
9.99181 15.952
9.99141 15.91
9.99111 15.964
9.99141 16.01
9.99241 80.692
9.99021 12.953
9.99021 12.897
9.99001 12.797
9.98931 13.118
9.98672 12.829
9.98941 12.86
9.98951 13.341
9.98801 12.425
9.98971 12.423
9.99001 12.417
9.98991 12.429
9.96115 12.413
9.98901 12.402
9.98871 12.42
9.98931 12.421
9.99041 12.415
9.98981 12.675
9.94431 12.438
9.98871 12.42
9.98981 12.422
9.98981 13.026
9.99001 12.708
9.98991 12.761
9.97855 12.885
9.98821 12.929
9.98971 12.9
9.99271 12.947
9.99031 12.883
9.99041 12.782
9.99021 12.849
9.99041 12.93
9.99051 13.003
9.99001 12.913
9.99041 12.794
9.98991 12.828
9.99151 12.858
9.99041 12.943
9.99001 12.993
9.98931 12.885
9.99001 12.884
9.99041 12.891
9.98811 12.975
9.98951 12.987
9.98991 12.926
9.98991 12.782
9.98991 12.783
9.96294 13.098
9.98931 12.852
9.99071 12.901
9.98991 12.774
9.99001 12.717
9.98702 12.664
9.99071 12.829
9.98881 12.823
9.99131 12.899
9.98951 12.76
9.98941 13.183
9.98961 12.888
9.99161 12.845
9.98901 12.748
9.98881 12.814
9.98891 12.865
9.98871 12.842
9.98891 12.849
9.98891 12.911
9.98941 12.846
9.98891 12.698
9.98881 12.747
9.98891 12.75
9.98891 12.91
9.97029 12.861
9.98901 12.767
9.98891 12.758
9.98891 12.715
9.99111 12.818
9.99041 12.859
9.98881 12.879
9.97705 12.804
9.98911 12.838
9.98881 12.76
9.98712 12.938
9.98901 12.722
9.98931 12.827
9.98901 12.859
9.98682 12.795
9.99101 12.837
