9.98851 0.005
9.98941 0.003
9.98991 0.003
9.98971 0.003
9.98961 0.004
9.98961 0.003
9.99021 0.003
9.98911 0.003
9.98971 0.003
9.99041 0.003
9.94777 0.004
9.98024 0.003
9.98861 0.003
9.98871 0.003
9.99001 0.004
9.99281 0.004
9.98074 0.004
9.99291 0.003
9.99281 0.003
9.9932 0.003
9.99051 0.003
9.99081 0.004
9.98981 0.003
9.97536 0.013
9.99221 0.005
9.98971 0.004
9.98951 0.003
9.99201 0.003
9.99081 0.003
9.98911 0.003
9.98672 0.003
9.99181 0.004
9.96979 0.003
9.96572 0.005
9.96721 0.006
9.96641 0.006
9.96572 0.005
9.96532 0.005
9.96751 0.005
9.98712 0.005
9.98642 0.004
9.98442 0.004
9.99071 0.005
9.98941 0.006
9.98642 0.006
9.98522 0.005
9.98522 0.005
9.98492 0.005
9.98562 0.005
9.98712 0.005
9.99111 0.008
9.98921 0.009
9.98871 0.011
9.98672 0.012
9.98692 0.008
9.98682 0.007
9.98861 0.008
9.95461 0.008
9.98542 0.008
9.98652 0.011
9.98742 0.008
9.99251 0.008
9.98931 0.005
9.98931 0.005
9.98961 0.006
9.98911 0.005
9.97019 0.004
9.97009 0.005
9.98921 0.005
9.99011 0.006
9.98881 0.005
9.99291 0.004
9.98881 0.006
9.98901 0.005
9.98911 0.005
9.97049 0.005
9.98831 0.006
9.98104 0.005
9.98662 0.007
9.98781 0.005
9.98672 0.006
9.98941 0.007
9.98891 0.005
9.98831 0.005
9.98861 0.005
9.99141 0.005
0.0638409 15663.9
5.5765 179.324
5.5845 179.067
5.58962 178.902
5.50561 181.632
5.55586 179.989
5.58416 179.078
5.58475 179.059
5.58403 179.082
5.58541 179.037
5.49614 181.945
5.54262 180.42
5.58806 178.953
5.58572 179.028
3.62441 275.906
5.5352 180.661
5.57631 179.33
5.57861 179.255
5.58338 179.103
5.5822 179.14
5.58538 179.039
5.51959 181.173
5.58781 178.961
5.58375 179.09
5.58272 179.124
5.58329 179.106
5.5488 180.219
5.56954 179.547
5.5755 179.356
5.5807 179.189
5.5798 179.217
5.57864 179.254
5.55247 180.099
5.5841 179.079
5.57821 179.268
5.58198 179.147
5.58185 179.151
5.5774 179.295
5.57927 179.234
5.57718 179.301
5.57927 179.235
5.58388 179.086
5.5885 178.938
5.49164 182.095
5.57451 179.387
5.57653 179.323
5.57765 179.287
5.57392 179.405
5.57001 179.533
5.57774 179.283
5.58631 179.009
5.58363 179.094
5.58419 179.077
5.58728 178.977
5.5537 180.06
5.58431 179.073
5.58191 179.15
5.55062 180.159
5.59109 178.855
5.591 178.859
5.54714 180.273
5.58036 179.2
5.58775 178.963
5.58575 179.027
5.59319 178.789
5.56951 179.549
5.59347 178.779
5.59488 178.734
5.5797 179.22
5.58725 178.978
5.58422 179.076
5.5481 180.241
5.54078 180.48
5.28893 189.074
5.52334 181.049
5.53094 180.8
5.41776 184.577
5.52099 181.127
5.52639 180.949
5.53039 180.818
5.53474 180.677
5.5348 180.675
5.48414 182.344
5.53103 180.797
5.52789 180.901
5.52712 180.926
5.53437 180.688
5.43121 184.121
5.53348 180.718
5.52917 180.858
5.52245 181.079
5.53437 180.689
5.52669 180.939
5.44739 183.573
5.4686 182.861
5.53103 180.798
5.53024 180.824
5.52862 180.876
5.36996 186.22
5.53449 180.684
5.52758 180.911
5.52847 180.882
5.52981 180.837
5.53624 180.628
5.46254 183.064
5.52669 180.939
5.52816 180.892
5.53624 180.628
5.53508 180.665
5.38204 185.802
5.4547 183.328
5.5187 181.202
5.53596 180.637
5.53223 180.759
3.56058 280.851
5.52856 180.879
6.26826 159.533
9.99141 60.38
9.99091 59.75
9.98901 60.312
9.98672 60.338
9.98961 60.292
9.99031 61.535
9.98871 59.636
9.98891 59.417
9.99101 59.319
9.98941 59.247
9.99211 59.234
9.99191 61.547
9.98921 61.876
9.97287 59.035
9.98911 59.807
9.99131 59.97
9.96949 60.162
9.98871 60.262
9.99131 59.976
9.98951 59.615
9.98931 59.76
9.98921 59.974
9.98672 59.123
9.99271 59.239
9.98941 59.135
9.99291 59.441
9.98971 62.344
9.99081 59.794
9.98901 59.626
9.98881 59.465
9.98921 59.546
9.98891 59.883
9.94204 59.284
9.98961 59.822
9.98961 59.267
9.98871 59.257
9.98911 59.358
9.98941 59.445
9.98941 59.831
9.97964 59.478
9.97178 59.339
9.98941 59.342
9.98901 58.996
9.98951 59.184
9.94886 59.433
9.99011 58.997
9.98911 59.818
9.98971 59.397
9.98911 59.575
9.98871 59.38
9.98871 59.428
9.97357 59.451
9.98871 59.166
9.96929 59.493
9.98851 59.969
9.99091 59.727
9.98901 59.344
9.99101 59.128
9.97267 58.714
9.98901 59.646
9.98851 59.452
9.98921 59.37
9.98931 59.487
9.96204 59.375
9.98931 59.685
9.99011 60.286
9.98881 59.755
9.99111 59.627
9.98941 58.324
9.98921 59.999
9.98921 59.486
9.98911 59.913
9.98921 59.616
9.98901 60.056
9.98921 59.79
9.99221 59.855
9.98901 59.358
9.99021 60.223
9.98901 58.963
9.99111 59.91
9.98901 59.84
9.98881 59.894
9.98901 59.446
9.98881 59.427
9.99021 59.485
9.99011 59.483
9.98901 59.581
9.99111 59.55
9.98921 58.531
9.98951 59.564
9.98921 59.473
9.99171 59.453
9.99161 59.371
9.98951 59.452
9.98921 59.686
9.99151 59.672
9.98861 59.034
9.99081 80.675
9.98941 58.917
9.98931 59.828
9.98881 60.102
9.97039 59.777
9.98941 59.697
9.98941 60.14
9.98891 59.907
9.99251 59.751
9.99051 59.025
9.99131 59.2
9.97079 59.052
9.98891 59.503
9.97248 59.71
9.98891 59.54
9.98891 59.811
9.98931 59.392
9.97059 59.78
9.99181 59.746
9.98951 59.606
9.98991 59.282
9.98811 59.9
9.98921 59.557
9.98821 60.09
9.98941 59.632
9.99021 58.908
9.98941 59.414
9.98941 60.305
9.993 59.511
9.99031 60.38
9.98951 59.58
9.98851 59.734
9.96274 59.6
9.98901 59.848
9.98921 59.523
9.98901 59.399
9.98861 59.458
9.9931 59.51
9.98791 59.688
9.99031 60.491
9.99091 59.614
9.98941 59.335
9.98951 59.776
9.99081 59.096
9.99211 59.71
9.98921 59.435
9.98931 59.725
9.99051 59.68
9.99001 58.973
9.98891 60.102
9.98921 59.51
9.99081 58.942
9.99021 59.666
9.94026 59.587
9.98891 59.353
9.98901 60.052
9.98323 59.831
9.99031 60.199
9.99081 59.364
9.99201 60.494
9.95847 60.113
9.98941 60.382
9.98931 60.278
9.98921 59.436
9.98821 60.405
9.99071 59.372
9.99211 60.498
9.98692 60.284
9.99021 60.116
9.98891 59.997
9.98941 59.59
9.98921 60.185
9.98871 59.875
9.98921 59.605
9.93532 59.865
9.99061 59.626
9.98911 60.278
9.98921 60.251
9.98911 59.52
9.98921 59.642
9.98921 59.445
9.95272 59.481
9.96939 59.222
9.98752 59.839
9.98941 59.823
9.98871 59.216
9.98931 59.719
9.98911 59.668
9.98981 59.492
9.98871 59.419
9.98911 59.227
9.98921 59.528
9.98891 59.457
9.98921 60.141
9.98931 59.429
9.98911 59.853
9.98921 59.711
9.95362 59.613
9.99201 59.43
9.98921 59.593
9.98941 80.615
3.05512 327.316
1.55218 644.253
1.48571 673.077
1.64625 607.441
5.55948 179.873
5.56849 179.582
5.5592 179.882
5.56604 179.661
5.53716 180.598
5.57796 179.277
5.5779 179.278
5.5657 179.671
5.56638 179.65
5.58285 179.12
5.56982 179.538
5.58316 179.11
5.58332 179.105
5.58297 179.116
5.5687 179.575
5.57373 179.413
5.58129 179.169
5.58076 179.186
5.58058 179.192
5.55327 180.073
5.55843 179.906
5.58033 179.2
5.57762 179.287
5.58182 179.153
5.57998 179.211
5.55503 180.016
5.58213 179.143
5.57896 179.245
5.57846 179.26
5.59268 178.804
5.57868 179.253
5.5783 179.265
5.58251 179.131
5.58148 179.164
5.58223 179.139
5.57494 179.374
5.51989 181.162
5.60277 178.482
5.58509 179.048
5.58553 179.033
5.59845 178.62
5.57327 179.428
5.59766 178.646
5.58291 179.118
5.58622 179.011
5.57967 179.222
5.58569 179.029
5.55506 180.015
5.58372 179.092
5.58481 179.056
5.58319 179.109
5.58319 179.109
5.58572 179.027
5.53744 180.589
5.56192 179.793
5.58363 179.095
5.58516 179.046
5.58117 179.173
5.57435 179.392
5.58294 179.117
5.58282 179.12
5.58659 178.999
5.58659 179
5.58728 178.978
5.57731 179.298
5.58244 179.132
5.57998 179.212
5.58058 179.192
5.57302 179.436
5.55778 179.927
5.52453 181.01
5.57821 179.269
5.58313 179.111
5.5864 179.006
5.58279 179.121
5.58023 179.204
5.58163 179.158
5.58697 178.987
5.58416 179.077
5.58922 178.916
5.58428 179.073
5.55608 179.982
5.58513 179.046
5.58198 179.147
5.58868 178.933
5.58719 178.981
5.54622 180.303
5.55426 180.042
5.57454 179.387
5.59845 178.621
5.58731 178.976
5.57351 179.419
5.57206 179.467
5.57168 179.479
5.57588 179.343
3.62891 275.564
5.58556 179.032
5.5456 180.323
5.57563 179.351
5.58391 179.085
5.58562 179.03
5.58756 178.968
5.56579 179.669
5.55475 180.025
5.57849 179.26
5.57893 179.245
5.5793 179.234
5.58304 179.114
5.56288 179.763
5.57749 179.292
5.58316 179.109
5.58385 179.087
5.58447 179.068
5.57162 179.481
5.57756 179.289
5.58226 179.139
5.58023 179.204
5.58216 179.141
5.58531 179.041
5.5617 179.8
5.57544 179.358
5.57973 179.219
5.5821 179.144
5.57986 179.215
5.57774 179.284
5.55115 180.142
5.57084 179.506
5.57336 179.424
5.5751 179.368
5.57575 179.347
5.56081 179.829
5.57563 179.351
5.57501 179.372
5.57361 179.416
5.57784 179.281
5.57041 179.52
5.4584 183.203
5.52358 181.042
5.52779 180.903
5.53811 180.566
5.54053 180.487
5.48628 182.273
5.5477 180.255
5.52346 181.046
5.54179 180.447
5.53888 180.541
5.53584 180.64
5.47043 182.8
5.54155 180.455
5.53357 180.714
5.53777 180.577
5.51055 181.47
5.36458 186.407
5.49514 181.979
5.53189 180.77
5.53192 180.768
5.54281 180.413
5.53897 180.539
5.50982 181.494
5.53673 180.612
5.54287 180.411
5.54514 180.338
5.5405 180.488
5.51682 181.263
5.53572 180.645
5.54066 180.484
5.53073 180.808
5.54259 180.421
5.54136 180.46
5.46726 182.906
5.517 181.257
5.53863 180.549
5.54213 180.435
5.54293 180.409
5.51682 181.263
5.53826 180.561
5.5303 180.822
5.53698 180.604
5.53489 180.672
5.54161 180.452
5.44443 183.673
5.53875 180.545
5.53811 180.566
5.53394 180.702
5.53983 180.511
5.50995 181.49
5.508 181.553
5.52575 180.971
5.52951 180.848
5.53103 180.797
5.52715 180.924
5.43213 184.089
5.5402 180.498
5.52639 180.95
5.52578 180.97
3.57997 279.331
5.48014 182.477
5.53477 180.675
5.53235 180.755
5.53741 180.59
5.53609 180.632
5.47133 182.77
5.455 183.317
5.53658 180.616
5.5386 180.55
5.54468 180.353
5.54241 180.427
5.48351 182.364
5.54195 180.441
5.53538 180.655
5.53376 180.708
5.536 180.635
5.47273 182.723
5.47273 182.723
5.53094 180.8
5.53636 180.624
5.53762 180.582
5.5394 180.525
5.44102 183.789
5.52477 181.003
5.52944 180.849
5.5274 180.917
5.52844 180.883
5.47256 182.729
5.48294 182.383
5.50013 181.814
5.48908 182.18
5.4946 181.996
5.50288 181.723
5.46756 182.897
5.49164 182.094
5.48534 182.303
5.49538 181.971
5.48573 182.291
5.43484 183.998
5.41424 184.697
5.52471 181.004
5.53244 180.752
5.52651 180.946
5.53229 180.756
5.4578 183.223
5.53232 180.756
5.52501 180.995
5.53621 180.628
5.52969 180.842
5.44704 183.586
5.45357 183.366
5.53021 180.825
5.52663 180.941
5.52819 180.891
5.53207 180.763
5.42317 184.394
5.52724 180.921
5.53495 180.669
5.53787 180.575
5.53354 180.716
5.51022 181.48
5.51131 181.444
5.53174 180.775
5.52672 180.939
5.53394 180.703
5.5325 180.749
5.33222 187.539
5.53931 180.527
5.52978 180.838
5.53388 180.704
5.53103 180.798
5.46066 183.127
5.39459 185.371
5.52587 180.967
5.53269 180.743
5.53198 180.766
5.5348 180.674
5.45212 183.414
5.5314 180.786
5.53009 180.829
5.52547 180.98
5.52951 180.847
5.48721 182.242
5.47624 182.606
5.53391 180.703
5.52303 181.06
5.53048 180.816
5.53603 180.634
5.49233 182.072
5.48005 182.479
5.5299 180.834
5.53428 180.691
5.54139 180.459
5.51241 181.409
5.43883 183.862
5.53364 180.712
5.53281 180.74
5.52633 180.952
5.53416 180.696
3.56233 280.714
5.52251 181.076
5.52184 181.099
5.53012 180.828
5.53459 180.682
5.43824 183.883
5.48631 182.271
5.53201 180.766
5.53312 180.729
5.53003 180.83
5.5047 181.663
5.49626 181.941
5.53799 180.57
5.52602 180.961
5.53119 180.793
5.54133 180.462
5.46669 182.926
5.54155 180.455
5.53701 180.602
5.53379 180.708
5.54687 180.281
5.53413 180.696
5.42332 184.388
5.54044 180.49
5.53336 180.721
5.54124 180.464
5.54333 180.397
5.4997 181.827
5.53413 180.697
5.54035 180.493
5.53107 180.796
5.54477 180.35
5.54358 180.388
5.50524 181.645
5.54275 180.416
5.53642 180.622
5.54133 180.461
5.53679 180.609
5.4805 182.465
5.5077 181.564
5.54253 180.422
5.53894 180.54
5.54017 180.499
5.54582 180.315
5.46929 182.838
5.54367 180.386
5.53554 180.651
5.54736 180.265
5.54026 180.497
5.46051 183.133
5.53888 180.541
5.54321 180.401
5.53839 180.557
5.54023 180.497
5.54437 180.363
5.49487 181.988
5.54579 180.317
5.5314 180.785
5.53425 180.692
5.52685 180.935
5.46887 182.852
6.05023 165.283
9.98941 60.453
9.99111 59.724
9.93907 60.261
9.9685 60.259
9.99121 61.186
9.98203 59.387
9.99061 60.691
9.99271 60.179
9.99231 60.259
9.99251 60.285
9.99061 60.49
9.99051 60.793
9.99041 61.132
9.99251 61.29
9.98772 60.475
9.98931 59.043
9.99051 58.905
9.98931 59.04
9.98931 59.419
9.99041 59.054
9.97417 59.112
9.98901 58.897
9.98891 59.369
9.98881 58.938
9.98991 58.833
9.99021 59.048
9.99111 59.551
9.99151 59.149
9.98941 59.178
9.98891 58.892
9.99061 58.793
9.96651 58.877
9.98931 58.818
9.98861 59.411
9.98921 59.289
9.99031 58.883
9.99051 58.933
9.98931 58.881
8.23635 121.413
9.99031 57.904
9.99021 59.015
9.98891 59.353
9.98841 59.502
9.98762 59.798
9.98991 59.697
9.99031 59.472
9.94263 59.446
9.98432 58.945
9.99031 60.019
9.99051 59.286
9.98931 59.354
9.99031 59.505
9.98911 59.308
9.99031 60.039
9.98891 59.864
9.99001 59.881
9.98831 59.544
9.98891 59.549
9.99031 59.537
9.9298 59.55
9.99161 58.721
9.98831 59.456
9.98961 59.888
9.98961 59.528
9.99031 59.43
9.95708 58.871
9.98462 59.413
9.98772 60.16
9.98911 59.806
9.98961 59.699
9.99031 59.673
9.99131 59.636
9.98911 59.616
9.98891 59.464
9.98881 60.612
9.98891 59.932
9.98891 59.168
9.98931 59.327
9.99021 59.128
9.9373 59.028
9.9692 58.829
9.99061 59.343
9.98851 58.525
9.99011 58.904
9.99061 58.826
9.9689 58.708
9.98981 58.902
9.98871 58.939
9.98971 58.839
9.99151 59.363
9.98961 58.516
9.98931 58.975
9.98871 58.418
9.98911 58.932
9.98891 59.696
9.98891 59.164
9.99041 59.395
9.94392 59.487
9.98891 58.947
9.97238 58.604
9.98901 58.911
9.99121 59.098
9.99031 58.522
9.98891 59.068
9.95639 58.943
9.98811 59.603
9.98941 59.196
9.99061 58.798
9.98991 58.75
9.96671 58.987
9.99021 59.402
9.98871 59.005
9.98931 59.034
9.98871 58.623
9.98931 58.782
9.98861 58.385
9.98901 58.89
9.92113 59.869
9.98901 58.927
9.98861 59.374
9.98871 59.052
9.99031 58.869
9.99031 58.719
9.98901 59.896
9.98931 59.019
9.98831 58.725
9.99001 58.964
9.99101 59.507
9.99041 58.797
9.99051 58.801
9.96433 58.912
9.99131 58.872
9.98831 59.304
9.98921 59.003
9.99021 58.954
9.98841 58.859
9.99071 58.481
9.99181 59.932
8.11497 123.228
9.98821 58.008
9.98921 59.116
9.99101 59.109
9.98831 58.951
9.98841 58.947
9.99121 59.226
9.99021 59.057
9.99021 58.908
9.99021 59.173
9.96929 58.787
9.98901 59.679
9.98891 59.615
9.98811 59.125
9.99101 58.872
9.98971 58.745
9.99021 58.786
9.97238 58.791
9.99051 58.921
9.9692 59.44
9.98871 59.415
9.99041 59.201
9.98891 58.896
9.99051 58.81
9.99011 58.707
9.99061 58.945
9.98921 58.678
9.98801 59.249
9.99041 58.977
9.98971 59.293
9.99011 59.175
9.98891 58.951
9.94026 58.616
9.969 58.973
9.98891 59.14
9.98941 58.951
9.99031 58.994
9.98891 58.877
9.99081 58.936
9.99081 59.228
9.99061 58.753
9.95748 58.817
9.97914 58.414
9.98901 58.711
9.99011 59.269
9.98612 59.321
9.98891 58.954
9.99061 58.745
9.99131 58.636
9.99061 58.42
9.98971 58.742
9.94085 58.817
9.99021 58.679
9.98901 59.327
9.98981 59.289
9.99081 59.206
9.99071 58.986
9.99061 58.773
9.99021 58.765
9.98941 59.781
9.94224 58.86
9.98931 59.145
9.98921 58.666
9.9956 59.566
9.98901 59.468
9.99001 59.587
9.98901 58.455
9.99131 58.374
9.98981 58.425
9.99061 58.777
9.99141 58.678
9.99051 58.644
9.98891 59.081
9.98901 58.741
9.99031 58.867
9.99021 58.693
9.9683 58.803
9.98891 58.754
9.99061 59.047
9.98911 59.196
9.98871 60.192
9.99031 59.051
9.99021 58.528
9.99021 58.639
9.99021 58.513
9.99121 58.604
9.98871 58.209
9.98851 59.017
9.98931 58.901
9.98891 59.475
9.99001 58.812
9.99001 59.065
9.98991 59.043
9.99051 59.26
9.98911 59.234
9.99031 59.419
9.98911 59.117
9.98891 59.356
9.99261 59.804
9.98851 60.015
9.98841 80.734
9.99011 59.169
9.9932 58.312
9.99031 58.085
9.97108 58.315
9.9691 58.317
9.99041 58.905
9.98941 58.558
9.99071 58.914
9.969 59.286
9.98891 58.949
9.98831 58.334
9.98811 58.562
9.98961 58.617
9.99011 58.909
9.99091 58.562
9.99051 58.555
9.99021 58.349
9.99071 58.466
9.99061 58.297
9.99061 58.324
9.98961 58.728
9.98931 58.578
9.98871 58.948
9.99051 58.737
9.98931 58.724
9.98951 58.687
9.98881 58.776
9.97924 59.23
9.98941 58.214
9.98911 59.165
9.98891 59.015
9.99051 58.766
9.99051 58.664
9.98941 58.089
9.98841 58.457
9.98861 58.95
9.99091 58.543
9.99261 58.532
9.99011 58.299
9.99001 59.222
9.99151 59.226
9.99251 59.286
9.99031 58.734
9.98941 58.544
9.98881 58.71
9.98931 58.756
9.99081 58.283
9.99051 58.205
9.99151 58.234
9.99051 57.985
9.98931 58.17
9.98941 58.254
9.98931 58.604
9.96979 58.7
9.99081 58.498
9.98991 58.213
9.99091 58.382
9.9934 58.365
9.95659 60.38
9.99191 60.417
9.9939 60.072
9.98941 68.152
9.95164 59.355
9.99161 59.25
9.99011 58.958
9.99061 58.754
9.99131 59.239
9.99241 58.782
9.99241 58.915
9.98931 59.408
9.99141 59.43
9.98881 59.604
9.99071 59.433
9.98971 59.501
9.99061 59.491
9.99061 59.84
9.98951 58.957
9.99161 59.308
9.98941 59.269
9.98901 59.659
9.99051 59.498
9.98951 59.538
9.98891 59.596
9.99051 59.091
9.99191 59.248
9.94471 59.195
9.98981 59.581
9.98991 59.602
9.98891 60.068
9.99021 59.15
9.99141 59.222
9.97178 59.17
9.97138 59.153
9.98951 59.332
9.98941 59.464
9.98891 59.374
9.99071 59.378
9.99131 59.421
9.95907 58.628
9.99221 81.872
9.98901 59.004
9.99051 59.351
9.99261 59.275
9.9555 59.355
9.98662 58.816
9.98921 58.939
9.99041 59.426
9.99291 59.273
9.96631 58.598
9.97198 59.309
9.98891 59.223
9.98991 59.322
9.99041 59.447
9.99141 59.267
9.99121 59.3
9.99041 58.657
9.98831 59.579
9.98931 59.41
9.99001 60.144
9.99071 59.368
9.98891 59.103
9.98901 59.462
9.98941 59.581
9.98831 59.552
9.98961 59.84
9.99031 59.655
9.98811 59.534
9.99071 59.306
9.98981 59.127
9.98901 59.559
9.98981 59.832
9.99021 59.151
9.99021 59.062
9.96175 59.297
9.98801 59.085
9.99031 59.227
9.98791 59.402
9.99061 58.736
9.99011 59.982
9.98851 59.172
9.98971 59.505
9.99011 59.295
9.98951 59.053
9.99001 59.574
9.99021 59.546
9.99021 59.669
9.99021 59.369
9.98911 59.358
9.98871 60.387
9.98861 59.642
9.99011 59.606
9.99031 59.071
9.98772 59.298
9.98891 59.21
9.98772 59.417
9.98851 59.686
9.98861 59.359
9.99061 59.081
9.98881 59.676
9.98901 59.426
9.99031 59.293
9.99131 59.295
9.99001 59.321
9.99031 59.413
9.99071 59.416
9.99021 59.361
9.98931 59.613
9.99071 59.603
9.98901 59.983
9.98941 59.577
9.98871 59.421
9.99111 59.607
9.99021 59.108
9.98951 59.913
9.99041 59.29
9.99181 59.582
9.99081 59.347
9.98991 59.167
9.99081 58.851
9.99201 59.419
9.9938 59.415
9.99241 59.546
9.99091 59.455
9.98791 59.533
9.98772 59.54
9.97148 70.367
9.99011 58.658
9.98921 58.192
9.98612 59.251
9.98901 59.132
9.98881 58.673
9.968 58.299
9.98911 58.813
9.98891 58.257
9.98931 58.381
9.98871 58.648
9.99121 58.212
9.99141 58.35
9.99031 59.442
9.99121 79.201
9.98931 58.371
9.98921 58.489
9.98881 58.379
9.98901 58.55
9.98881 58.487
9.98851 58.451
9.98931 58.443
9.98961 59.162
9.92842 59.391
9.98911 58.59
9.9692 58.962
9.98911 59.186
9.97516 58.936
9.99041 59.111
9.98911 58.946
9.98921 58.333
9.98911 58.587
9.98891 59.378
9.98881 59.091
9.98931 58.402
9.98861 58.3
9.98891 58.284
9.97098 58.373
9.98821 58.294
9.98901 58.28
9.98891 58.364
9.98722 58.507
9.98981 58.657
9.98931 59.043
9.9556 58.509
9.98901 58.189
9.9688 58.259
9.98762 58.439
9.98931 58.481
9.98921 58.157
9.99051 58.186
9.99051 58.222
9.98811 58.361
9.98931 58.91
9.98831 59.528
9.98901 58.837
9.98921 58.579
9.98911 58.593
9.98871 58.488
9.98791 58.595
9.98861 58.57
9.98901 58.577
9.98901 58.572
9.98891 58.676
9.98901 58.619
9.98871 58.708
9.98881 59.187
9.99021 58.943
9.98851 58.652
9.98901 58.891
9.98861 59.071
9.98871 58.224
9.99011 58.161
9.969 59.222
9.98921 58.17
9.98891 58.22
9.98881 58.572
9.98921 58.501
9.98921 58.35
9.98951 58.222
9.98941 58.417
9.98931 58.585
9.98931 58.367
9.96671 58.372
9.97098 58.193
9.9688 58.393
9.98901 58.764
9.98901 58.999
9.98901 58.867